0S,0C
38433593 649
11314 1
18335 1
25726 1
18004 1
18411 1
18244 1
17812 1
17897 1
18238 1
19780 1
6827 1
19805 1
8119 1
12060 1
15247 1
9046 1
19809 1
26405 1
6809 1
21579 1
11796 1
17742 1
21231 1
17779 1
22340 1
14210 1
19807 1
8109 1
18569 1
12292 1
18673 1
2990 1
19809 1
19809 1
14668 1
20965 1
8238 1
15202 1
6979 1
15261 1
11741 1
11996 1
16189 1
2987 1
28606 1
18853 1
27319 1
11910 1
21819 1
18034 1
17118 1
12047 1
16932 1
24240 1
15546 1
16134 1
19811 1
12112 1
6912 1
16233 1
18207 1
19778 1
14344 1
12108 1
19805 1
16353 1
13954 1
19780 1
7032 1
15277 1
16355 1
16252 1
16603 1
16100 1
15826 1
17051 1
18171 1
18307 1
18272 1
23141 1
18178 1
6973 1
18285 1
15798 1
22124 1
25236 1
17053 1
7085 1
18205 1
22188 1
25797 1
17238 1
17174 1
18505 1
7012 1
18215 1
27465 1
17251 1
16059 1
6999 1
18914 1
29685 1
7048 1
18166 1
7005 1
7029 1
16042 1
19058 1
6970 1
20045 1
23182 1
15279 1
17248 1
15422 1
17248 1
30606 1
15881 1
20938 1
93278 1
6977 1
17959 1
7072 1
20065 1
28049 1
19267 1
18348 1
23101 1
18160 1
17177 1
16490 1
22267 1
12269 1
12298 1
18477 1
12288 1
18160 1
17960 1
12312 1
20049 1
7003 1
16423 1
12247 1
59293 1
12245 1
16752 1
12257 1
14610 1
159742 1
16505 1
15667 1
21313 1
12397 1
57210 1
3618 1
52923 1
20064 1
18572 1
18213 1
15458 1
15927 1
15860 1
28105 1
12306 1
25581 1
12289 1
22360 1
22267 1
49918 1
20611 1
19573 1
12249 1
16627 1
12299 1
14449 1
12315 1
15522 1
28186 1
16765 1
5458 1
7027 1
1473 1
14422 1
20096 1
20118 1
16135 1
22444 1
12283 1
20091 1
12255 1
27037 1
12370 1
26689 1
14368 1
12422 1
28222 1
15142 1
12289 1
28788 1
14377 1
27971 1
27372 1
12318 1
27157 1
27227 1
12347 1
26840 1
27638 1
20143 1
20168 1
57160 1
6818 1
20163 1
14610 1
22444 1
12327 1
12326 1
25378 1
12322 1
26592 1
12332 1
5051 1
26859 1
5931 1
15516 1
4425 1
12326 1
26597 1
15169 1
24738 1
5931 1
27598 1
5747 1
12295 1
28312 1
16283 1
29035 1
15638 1
12324 1
26878 1
12403 1
12374 1
20239 1
12353 1
26183 1
14551 1
50003 1
20208 1
14515 1
20247 1
16300 1
49941 1
20162 1
12330 1
24807 1
14426 1
22443 1
